# Timestamp [s], X [m], Y [m], Z [m], Roll [deg], Pitch [deg], Heading [deg]
0.000,0.000,-0.000,-0.000,0.000,0.000,0.000
0.200,0.031,-0.773,3.330,-0.171,0.167,-0.520
0.400,0.067,-1.721,6.798,-0.934,0.506,-0.505
0.600,0.048,-2.979,10.101,-0.449,1.150,-0.159
0.800,0.120,-4.914,12.237,-0.326,2.723,-0.251
1.000,0.128,-8.192,12.926,1.107,0.630,-0.248
1.200,-1.069,-10.799,15.287,-0.648,-26.045,-1.185
1.400,-3.629,-12.221,17.145,-1.467,-52.653,-1.594
1.600,-6.701,-13.153,18.095,-3.795,-73.079,0.853
1.800,-9.912,-13.856,18.332,-18.240,-86.494,14.866
2.000,-13.143,-14.417,18.190,-163.041,-88.130,159.118
2.200,-16.381,-14.894,18.056,-133.229,-87.503,129.809
2.400,-19.662,-15.344,17.927,-119.375,-88.062,116.967
2.600,-22.961,-15.806,17.748,-159.015,-88.668,168.236
2.800,-26.375,-16.175,17.553,-188.540,-88.157,175.080
3.000,-29.795,-16.135,17.370,-173.763,-87.777,175.574
3.200,-33.231,-15.482,17.159,218.579,-86.715,170.108
3.400,-36.648,-14.922,16.870,173.883,-85.612,-217.356
3.600,-40.011,-14.423,16.542,166.932,-85.096,-170.272
3.800,-43.272,-14.015,16.221,165.717,-84.849,-169.731
4.000,-46.500,-13.659,15.826,159.190,-84.566,-162.729
4.200,-49.709,-13.344,15.427,156.298,-84.735,-160.305
4.400,-52.929,-13.054,15.033,153.745,-85.060,-157.692
4.600,-56.116,-12.755,14.580,142.555,-85.516,-146.484
4.800,-59.321,-12.488,14.239,137.596,-86.248,-141.447
5.000,-62.551,-12.225,13.986,128.239,-86.844,-132.255
5.200,-65.760,-11.980,13.801,118.680,-87.307,-122.008
5.400,-69.110,-11.732,13.611,111.438,-87.486,-114.909
5.600,-72.467,-11.511,13.443,107.652,-87.331,-111.164
5.800,-75.876,-11.321,13.368,108.280,-87.597,-111.601
6.000,-79.230,-11.143,13.298,109.040,-87.674,-112.687
6.200,-82.552,-10.957,13.186,106.234,-87.437,-109.749
6.400,-85.958,-10.786,13.131,108.640,-87.655,-112.195
6.600,-89.347,-10.600,13.054,106.833,-87.573,-110.664
6.800,-92.713,-10.417,12.967,108.756,-87.778,-112.421
7.000,-96.032,-10.235,12.883,109.734,-87.956,-113.794
7.200,-99.326,-10.025,12.768,105.498,-87.596,-109.522
7.400,-102.629,-9.788,12.684,104.875,-87.510,-108.602
7.600,-105.923,-9.562,12.615,105.434,-87.606,-109.407
7.800,-109.239,-9.331,12.543,102.956,-86.974,-106.880
8.000,-112.557,-9.126,12.473,105.680,-87.045,-109.123
8.200,-115.904,-8.938,12.411,110.033,-87.349,-113.689
8.400,-119.251,-8.736,12.348,113.266,-87.414,-116.680
8.600,-122.615,-8.555,12.275,115.305,-87.315,-118.584
8.800,-126.000,-8.367,12.171,108.601,-86.451,-112.356
9.000,-129.358,-8.182,12.073,106.915,-86.034,-110.457
9.200,-132.690,-8.009,11.984,108.746,-86.118,-112.261
9.400,-136.035,-7.785,11.837,109.884,-86.130,-113.902
9.600,-139.354,-7.558,11.698,108.740,-86.198,-112.606
9.800,-142.645,-7.344,11.594,106.606,-86.171,-110.753
10.000,-145.894,-7.123,11.506,103.911,-86.012,-107.873
10.200,-149.127,-6.919,11.446,105.834,-86.297,-109.595
10.400,-152.343,-6.724,11.388,107.571,-86.554,-111.289
10.600,-155.566,-6.524,11.325,110.316,-86.886,-114.236
10.800,-158.800,-6.320,11.252,110.602,-86.854,-114.736
11.000,-162.059,-6.097,11.155,103.848,-86.210,-108.261
11.200,-165.337,-5.866,11.044,100.741,-86.007,-104.597
11.400,-168.672,-5.662,10.965,104.078,-86.757,-107.433
11.600,-172.072,-5.478,10.916,102.619,-86.798,-106.638
11.800,-175.589,-5.273,10.864,98.704,-86.745,-102.580
12.000,-179.172,-5.072,10.819,94.875,-86.741,-98.650
12.200,-182.665,-4.888,10.787,92.146,-86.673,-96.229
12.400,-186.007,-4.691,10.761,89.729,-86.651,-93.832
12.600,-189.245,-4.510,10.754,97.990,-86.814,-101.686
12.800,-192.519,-4.318,10.674,108.806,-86.288,-112.340
13.000,-195.808,-4.119,10.583,114.839,-86.442,-118.519
13.200,-199.090,-3.917,10.473,111.166,-86.020,-114.540
13.400,-202.392,-3.722,10.380,110.393,-86.185,-113.729
13.600,-205.693,-3.528,10.314,111.458,-86.453,-114.440
13.800,-209.048,-3.319,10.317,105.775,-86.615,-109.081
14.000,-212.436,-3.084,10.355,100.352,-86.788,-104.176
14.200,-215.852,-2.910,10.397,89.240,-86.407,-93.078
14.400,-219.143,-2.713,10.360,83.340,-86.420,-87.044
14.600,-222.417,-2.561,10.296,80.417,-86.376,-84.065
14.800,-225.693,-2.455,10.242,80.097,-86.592,-83.498
15.000,-229.018,-2.377,10.217,80.717,-86.410,-84.336
15.200,-232.328,-2.273,10.220,82.590,-86.200,-86.475
15.400,-235.617,-2.145,10.215,86.282,-86.360,-89.459
15.600,-238.934,-2.020,10.219,93.048,-87.205,-96.176
15.800,-242.257,-1.871,10.189,101.055,-87.417,-104.326
16.000,-245.584,-1.727,10.146,108.909,-87.405,-112.282
16.200,-248.929,-1.568,10.067,115.589,-87.238,-118.947
16.400,-252.289,-1.406,9.951,119.851,-86.903,-123.377
16.600,-255.644,-1.234,9.798,119.381,-86.548,-123.035
16.800,-258.997,-1.062,9.662,121.732,-86.754,-125.207
17.000,-262.374,-0.915,9.554,122.334,-86.813,-125.874
17.200,-265.730,-0.789,9.439,125.022,-87.073,-128.727
17.400,-269.089,-0.632,9.328,130.387,-87.405,-134.488
17.600,-272.410,-0.459,9.184,125.211,-87.085,-129.242
17.800,-275.732,-0.278,9.002,118.257,-86.547,-122.521
18.000,-279.015,-0.064,8.863,125.198,-86.994,-128.885
18.200,-282.332,0.151,8.756,123.377,-87.223,-127.365
18.400,-285.638,0.366,8.660,119.670,-87.203,-123.832
18.600,-288.921,0.559,8.562,119.159,-87.222,-123.115
18.800,-292.220,0.754,8.467,117.591,-87.155,-121.547
19.000,-295.547,0.965,8.370,118.413,-87.232,-122.185
19.200,-298.827,1.217,8.278,117.316,-87.032,-120.795
19.400,-302.150,1.430,8.166,113.644,-86.544,-117.288
19.600,-305.502,1.605,8.080,114.882,-86.528,-118.316
19.800,-308.860,1.696,8.000,119.821,-86.792,-123.394
20.000,-312.186,1.776,7.897,119.686,-86.683,-123.142
20.200,-315.521,1.838,7.815,120.135,-86.930,-123.591
20.400,-318.867,1.928,7.734,123.159,-87.275,-126.721
20.600,-322.146,2.040,7.636,120.398,-87.292,-123.969
20.800,-325.458,2.160,7.537,112.267,-87.117,-116.029
21.000,-328.787,2.312,7.444,106.490,-86.852,-110.704
21.200,-332.090,2.492,7.348,102.954,-86.286,-107.489
21.400,-335.403,2.678,7.254,102.195,-85.961,-106.140
21.600,-338.753,2.843,7.169,102.477,-85.915,-106.473
21.800,-342.122,3.020,7.083,102.214,-85.913,-106.536
22.000,-345.487,3.205,6.998,102.396,-85.875,-106.790
22.200,-348.833,3.387,6.902,101.982,-85.700,-106.288
22.400,-352.155,3.578,6.815,103.140,-85.923,-107.899
22.600,-355.443,3.778,6.714,105.083,-85.880,-109.424
22.800,-358.767,3.937,6.597,107.165,-85.668,-110.398
23.000,-362.219,4.107,6.470,106.634,-85.526,-110.859
23.200,-365.644,4.303,6.350,100.261,-84.981,-104.503
23.400,-368.981,4.470,6.312,83.473,-84.980,-86.992
23.600,-372.212,4.588,6.537,34.095,-82.571,-37.465
23.800,-375.340,4.709,7.313,8.250,-73.117,-12.252
24.000,-378.350,4.834,8.995,2.357,-56.561,-5.577
24.200,-380.847,4.941,11.610,0.176,-38.906,-3.854
24.400,-382.565,5.029,14.822,0.208,-24.652,-2.447
24.600,-383.628,5.051,18.130,0.636,-14.493,-3.350
24.800,-384.290,5.036,21.372,0.893,-9.254,-4.563
25.000,-384.708,5.007,24.597,0.733,-5.490,-5.124
25.200,-384.968,4.970,27.840,0.772,-3.733,-4.887
25.400,-385.220,4.958,31.180,0.675,-2.778,-4.740
25.600,-385.487,4.997,34.598,0.150,-2.488,-4.435
25.800,-385.848,4.987,37.978,0.137,-2.255,-4.315
26.000,-386.123,4.954,41.323,0.115,-1.756,-4.232
26.200,-386.267,4.892,44.629,-0.046,-1.372,-4.067
26.400,-386.347,4.835,47.944,-0.043,-1.062,-4.105
26.600,-386.421,4.783,51.265,-0.149,-0.738,-4.044
26.800,-386.477,4.753,54.569,-0.095,-0.450,-4.028
27.000,-386.553,4.689,57.884,0.016,0.058,-4.247
27.200,-386.613,4.575,61.259,-0.116,1.125,-4.346
27.400,-386.461,4.401,64.662,-0.194,4.159,-4.604
27.600,-385.800,4.146,68.100,-0.572,10.162,-3.512
27.800,-384.424,3.879,71.404,0.307,19.561,-0.876
28.000,-382.630,3.614,74.415,0.996,32.341,-0.507
28.200,-380.353,3.383,76.852,2.003,48.837,0.565
28.400,-377.706,3.218,78.535,2.875,63.691,0.815
28.600,-374.644,3.016,79.559,2.622,74.316,1.198
28.800,-371.366,2.864,80.115,4.437,81.764,3.100
29.000,-367.977,2.693,80.445,9.162,85.237,8.049
29.200,-364.542,2.558,80.643,19.056,87.599,18.090
29.400,-361.076,2.366,80.716,70.003,88.852,69.029
29.600,-357.631,2.252,80.689,129.074,88.253,128.199
29.800,-354.236,2.177,80.590,129.693,87.386,128.653
30.000,-350.867,2.081,80.478,123.435,87.057,121.822
30.200,-347.556,1.971,80.394,109.884,87.049,108.415
30.400,-344.286,1.842,80.374,86.004,86.975,84.611
30.600,-341.037,1.684,80.443,61.840,86.807,60.461
30.800,-337.781,1.513,80.550,52.600,86.671,51.105
31.000,-334.523,1.366,80.694,47.936,86.719,46.422
31.200,-331.241,1.249,80.854,47.848,87.127,46.345
31.400,-327.919,1.112,80.962,61.395,87.557,59.885
31.600,-324.557,0.941,81.031,71.042,87.686,69.636
31.800,-321.184,0.797,81.103,68.244,87.244,66.671
32.000,-317.801,0.690,81.241,54.567,86.783,53.175
32.200,-314.400,0.600,81.421,44.786,86.563,43.838
32.400,-311.017,0.518,81.599,42.995,86.708,41.808
32.600,-307.660,0.434,81.777,41.351,86.671,40.256
32.800,-304.353,0.329,81.965,39.143,86.707,37.948
33.000,-301.074,0.197,82.179,32.590,86.233,31.225
33.200,-297.801,0.071,82.395,26.560,85.981,25.112
33.400,-294.546,-0.089,82.621,21.291,85.908,19.401
33.600,-291.256,-0.243,82.832,18.571,86.468,16.852
33.800,-287.955,-0.363,82.994,22.336,87.541,20.464
34.000,-284.611,-0.460,83.071,49.487,88.586,47.740
34.200,-281.225,-0.573,83.097,77.747,88.659,76.285
34.400,-277.852,-0.693,83.108,92.973,88.688,91.483
34.600,-274.512,-0.808,83.102,107.988,88.539,106.556
34.800,-271.196,-0.938,83.050,128.400,88.003,126.949
35.000,-267.852,-1.084,82.946,127.202,87.375,125.875
35.200,-264.526,-1.208,82.879,112.535,87.346,111.018
35.400,-261.200,-1.321,82.894,78.889,87.301,77.615
35.600,-257.857,-1.428,83.005,49.907,86.468,48.626
35.800,-254.516,-1.568,83.222,30.110,85.299,28.890
36.000,-251.214,-1.719,83.535,18.507,84.673,17.203
36.200,-247.935,-1.880,83.859,14.714,84.415,13.470
36.400,-244.676,-2.039,84.182,8.405,85.039,7.154
36.600,-241.421,-2.204,84.415,9.421,86.516,8.034
36.800,-238.163,-2.364,84.551,17.194,88.447,15.545
37.000,-234.833,-2.525,84.548,134.769,88.872,133.367
37.200,-231.403,-2.692,84.404,148.251,86.841,146.810
37.400,-227.843,-2.851,84.188,142.072,85.852,140.899
37.600,-224.272,-3.004,83.970,134.228,85.582,133.113
37.800,-220.859,-3.203,83.769,127.885,85.409,126.862
38.000,-217.675,-3.412,83.616,101.536,85.650,100.460
38.200,-214.617,-3.739,84.006,19.094,78.404,17.310
38.400,-211.663,-3.960,85.617,3.567,58.012,1.699
38.600,-209.443,-4.113,88.268,2.272,35.590,-0.765
38.800,-208.073,-4.263,91.595,1.224,18.845,-0.704
39.000,-207.390,-4.381,94.940,1.879,8.282,0.225
39.200,-207.187,-4.488,98.270,0.768,1.952,-0.227
39.400,-207.193,-4.553,101.560,1.209,-1.437,-0.137
39.600,-207.335,-4.611,104.922,0.329,-2.396,-0.761
39.800,-207.445,-4.688,108.248,0.933,-1.702,-0.713
40.000,-207.504,-4.789,111.576,1.012,-0.642,-0.671
40.200,-207.488,-4.860,114.923,0.112,0.271,-0.170
40.400,-207.436,-4.885,118.195,0.693,0.876,-0.555
40.600,-207.281,-4.650,121.381,0.957,0.948,-0.939
40.800,-207.179,-4.590,124.702,0.517,0.275,-0.479
41.000,-207.151,-4.611,128.112,0.418,-0.390,-0.318
41.200,-207.172,-4.682,131.528,0.777,-1.014,-0.277
41.400,-207.242,-4.788,134.919,0.491,-2.069,-0.293
41.600,-207.434,-4.890,138.249,0.219,-4.524,-0.466
41.800,-208.004,-4.991,141.515,0.789,-12.311,-0.942
42.000,-209.477,-5.067,144.756,0.796,-27.692,-3.327
42.200,-211.844,-5.028,147.399,0.938,-45.152,-4.361
42.400,-214.863,-4.940,149.236,3.000,-63.065,-5.382
42.600,-218.222,-4.836,150.158,8.615,-77.300,-11.736
42.800,-221.623,-4.705,150.504,24.842,-84.915,-28.244
43.000,-224.963,-4.553,150.639,41.566,-86.881,-45.130
43.200,-228.227,-4.411,150.754,39.814,-87.036,-43.405
43.400,-231.427,-4.266,150.889,31.238,-87.250,-34.903
43.600,-234.604,-4.112,151.035,20.638,-87.448,-24.269
43.800,-237.811,-3.957,151.184,11.774,-87.680,-15.298
44.000,-241.076,-3.790,151.306,0.453,-88.282,-4.075
44.200,-244.421,-3.619,151.368,-25.532,-89.453,21.758
44.400,-247.842,-3.444,151.346,165.030,-89.222,-169.275
44.600,-251.258,-3.290,151.251,174.520,-87.925,-177.961
44.800,-254.735,-3.145,151.077,175.662,-86.669,-179.282
45.000,-258.284,-2.996,150.827,172.845,-85.580,-176.658
45.200,-261.810,-2.835,150.522,167.525,-85.145,-171.263
45.400,-265.232,-2.684,150.224,163.927,-85.008,-168.135
45.600,-268.455,-2.542,149.939,157.205,-85.063,-161.308
45.800,-271.610,-2.410,149.715,152.246,-85.785,-155.977
46.000,-274.813,-2.276,149.526,146.343,-86.203,-150.023
46.200,-278.049,-2.134,149.379,133.571,-86.883,-137.593
46.400,-281.318,-1.956,149.295,122.063,-87.683,-126.104
46.600,-284.665,-1.772,149.242,109.008,-88.022,-112.882
46.800,-288.086,-1.595,149.200,110.513,-88.181,-114.589
47.000,-291.453,-1.427,149.126,122.009,-88.010,-126.202
47.200,-294.747,-1.270,149.021,129.781,-87.621,-133.545
47.400,-298.033,-1.113,148.908,129.529,-87.503,-133.665
47.600,-301.301,-0.939,148.794,130.499,-87.404,-134.263
47.800,-304.594,-0.774,148.673,129.589,-87.256,-133.522
48.000,-307.917,-0.610,148.558,127.294,-87.257,-130.941
48.200,-311.255,-0.468,148.450,128.898,-87.402,-132.311
48.400,-314.600,-0.335,148.353,129.792,-87.677,-133.248
48.600,-317.948,-0.211,148.274,127.389,-87.919,-131.073
48.800,-321.289,-0.071,148.176,122.900,-88.048,-126.365
49.000,-324.673,0.070,148.080,119.789,-88.054,-123.555
49.200,-328.092,0.221,147.999,119.320,-88.185,-123.146
49.400,-331.536,0.404,147.906,116.397,-88.144,-120.307
49.600,-334.886,0.583,147.855,115.833,-88.177,-119.554
49.800,-338.202,0.716,147.817,120.015,-88.226,-124.007
50.000,-341.442,0.867,147.749,130.575,-88.223,-134.765
50.200,-344.611,1.039,147.638,142.591,-87.642,-146.339
50.400,-347.788,1.198,147.514,146.699,-87.272,-150.677
50.600,-350.972,1.371,147.374,149.069,-87.089,-152.986
50.800,-354.232,1.536,147.212,145.058,-86.850,-149.037
51.000,-357.550,1.700,147.045,141.455,-86.581,-145.422
51.200,-360.929,1.870,146.891,144.555,-86.602,-148.979
51.400,-364.409,2.044,146.730,139.008,-86.573,-143.151
51.600,-368.008,2.225,146.612,122.718,-87.104,-126.597
51.800,-371.668,2.405,146.553,99.602,-87.804,-103.708
52.000,-375.215,2.549,146.646,37.876,-86.156,-41.511
52.200,-378.462,2.660,147.086,7.935,-80.878,-11.991
52.400,-381.348,2.731,147.946,1.735,-70.981,-4.680
52.600,-383.926,2.767,149.545,-0.234,-55.137,-1.764
52.800,-386.130,2.769,151.947,0.691,-39.005,-1.808
53.000,-387.797,2.731,155.237,1.274,-21.584,-2.660
53.200,-388.611,2.637,158.830,0.901,-9.946,-2.307
53.400,-388.951,2.548,162.307,0.582,-4.036,-2.266
53.600,-389.078,2.459,165.669,0.701,-1.578,-1.841
53.800,-389.157,2.358,169.000,1.193,-1.157,-1.412
54.000,-389.244,2.223,172.314,1.313,-1.077,-1.239
54.200,-389.296,2.109,175.630,0.721,-1.045,-0.819
54.400,-389.348,1.993,178.914,1.040,-1.022,-0.663
54.600,-389.427,1.871,182.226,1.022,-0.906,-0.846
54.800,-389.502,1.744,185.622,0.618,-0.811,-0.848
55.000,-389.575,1.639,189.127,0.419,-0.829,-0.954
55.200,-389.647,1.537,192.648,-0.085,-0.783,-1.249
55.400,-389.695,1.409,196.027,1.005,-0.142,-1.461
55.600,-389.671,1.286,199.256,0.225,2.027,-1.747
55.800,-389.329,1.189,202.373,-0.048,8.833,-1.569
56.000,-388.330,1.062,205.445,0.854,22.061,-1.175
56.200,-386.472,0.881,208.266,1.263,37.316,-0.735
56.400,-383.777,0.666,210.540,2.571,53.355,0.404
56.600,-380.561,0.458,212.125,4.555,66.475,2.505
56.800,-377.148,0.269,213.120,9.611,75.527,7.519
57.000,-373.717,0.096,213.732,16.943,80.363,15.019
57.200,-370.346,-0.061,214.148,23.601,82.909,21.879
57.400,-367.009,-0.195,214.454,30.490,83.772,28.995
57.600,-363.703,-0.325,214.721,34.449,84.408,33.112
57.800,-360.419,-0.460,214.957,36.386,85.373,34.775
58.000,-357.126,-0.600,215.136,40.462,86.268,38.837
58.200,-353.815,-0.736,215.270,48.297,87.019,46.876
58.400,-350.496,-0.856,215.348,60.854,87.363,59.754
58.600,-347.172,-0.988,215.403,70.746,87.890,68.948
58.800,-343.818,-1.122,215.440,87.576,88.524,86.293
59.000,-340.473,-1.247,215.422,131.448,88.651,129.905
59.200,-337.123,-1.376,215.333,152.755,87.679,151.370
59.400,-333.793,-1.513,215.184,153.497,86.529,152.241
59.600,-330.477,-1.654,214.997,149.294,85.934,148.231
59.800,-327.166,-1.783,214.812,140.140,85.852,138.763
60.000,-323.866,-1.944,214.667,120.943,85.882,119.312
60.200,-320.565,-2.115,214.599,103.134,86.126,101.433
60.400,-317.260,-2.297,214.607,82.278,86.024,80.805
60.600,-313.949,-2.484,214.700,64.570,85.595,62.983
60.800,-310.625,-2.671,214.863,53.289,85.374,51.805
61.000,-307.288,-2.847,215.050,48.030,85.260,46.604
61.200,-303.925,-3.000,215.257,43.761,85.279,42.826
61.400,-300.575,-3.145,215.470,40.149,85.414,39.076
61.600,-297.229,-3.297,215.683,37.762,86.036,36.735
61.800,-293.882,-3.440,215.857,40.748,86.303,39.759
62.000,-290.548,-3.589,216.030,40.226,86.402,39.173
62.200,-287.251,-3.740,216.183,42.512,86.567,41.094
62.400,-283.932,-3.907,216.318,45.650,87.066,44.211
62.600,-280.621,-4.065,216.429,53.440,87.447,52.191
62.800,-277.298,-4.222,216.501,67.651,87.587,66.068
63.000,-273.929,-4.390,216.551,75.914,87.639,74.736
63.200,-270.595,-4.558,216.599,79.029,87.634,77.716
63.400,-267.256,-4.724,216.649,77.043,87.409,76.262
63.600,-263.922,-4.892,216.718,73.553,87.250,72.628
63.800,-260.591,-5.054,216.792,70.654,87.048,69.815
64.000,-257.314,-5.198,216.866,66.959,86.962,66.043
64.200,-254.072,-5.324,216.949,64.703,86.972,63.895
64.400,-250.786,-5.474,217.007,64.369,86.903,63.387
64.600,-247.407,-5.641,217.092,63.204,86.791,62.276
64.800,-243.996,-5.797,217.207,58.282,86.643,57.276
65.000,-240.654,-5.990,217.353,47.090,86.901,45.086
65.200,-237.346,-6.185,217.508,42.348,87.186,40.265
65.400,-234.045,-6.413,217.631,50.713,87.652,48.635
65.600,-230.690,-6.592,217.711,62.917,87.657,61.600
65.800,-227.373,-6.686,217.746,74.593,87.608,73.783
66.000,-224.025,-6.791,217.707,121.656,87.235,120.812
66.200,-220.669,-6.916,217.363,160.297,81.715,158.367
66.400,-217.477,-7.072,216.480,168.621,71.683,167.560
66.600,-214.567,-7.136,214.615,175.996,51.552,173.459
66.800,-212.715,-7.087,211.614,176.339,25.699,175.191
67.000,-211.929,-6.996,208.415,177.889,10.319,176.689
67.200,-211.725,-6.927,205.124,177.634,1.690,176.778
67.400,-211.768,-6.825,201.788,177.365,-0.988,176.192
67.600,-211.798,-6.684,198.403,177.374,-0.729,175.782
67.800,-211.770,-6.536,194.985,177.135,0.060,175.877
68.000,-211.697,-6.412,191.608,177.557,0.852,175.835
68.200,-211.611,-6.303,188.266,176.734,1.261,175.072
68.400,-211.503,-6.172,184.989,176.226,1.094,175.166
68.600,-211.405,-6.029,181.730,175.983,0.962,175.186
68.800,-211.296,-5.926,178.478,177.259,1.026,175.946
69.000,-211.182,-5.838,175.126,176.721,1.405,176.362
69.200,-211.047,-5.736,171.679,176.944,2.143,176.191
69.400,-210.860,-5.654,168.152,176.755,2.960,176.254
69.600,-210.664,-5.567,164.687,176.778,3.677,176.204
69.800,-210.397,-5.495,161.250,176.886,4.366,176.769
70.000,-210.197,-5.426,158.047,176.753,3.422,177.190
70.200,-210.067,-5.343,155.051,177.313,3.297,177.320
70.400,-209.866,-5.269,151.941,178.115,4.898,176.857
70.600,-209.499,-5.186,148.593,176.957,6.781,176.667
70.800,-209.029,-5.057,145.159,176.912,6.974,177.274
71.000,-208.633,-4.933,141.772,176.885,5.761,177.707
71.200,-208.401,-4.807,138.497,177.212,2.621,178.303
71.400,-208.401,-4.681,135.237,177.236,-0.683,178.118
71.600,-208.499,-4.551,131.942,177.121,-2.121,178.073
71.800,-208.639,-4.411,128.625,176.846,-2.453,177.682
72.000,-208.787,-4.273,125.254,177.220,-2.252,177.307
72.200,-208.927,-4.128,121.823,176.782,-1.936,177.028
72.400,-208.992,-3.969,118.408,177.009,-1.331,176.356
72.600,-208.997,-3.831,114.986,176.980,-0.080,175.594
72.800,-208.902,-3.708,111.584,177.306,1.207,175.997
73.000,-208.767,-3.608,108.143,176.375,2.116,176.288
73.200,-208.631,-3.524,104.757,176.685,2.409,176.503
73.400,-208.519,-3.444,101.492,176.601,2.618,175.658
